983
962
961
943
943
937
927
926
925
925
924
924
923
921
920
905
902
897
897
895
894
890
890
889
889
887
885
878
878
877
876
876
875
875
875
868
867
861
856
852
850
847
845
841
840
837
1900
950
949
935
934
923
919
917
916
907
906
903
902
899
899
887
884
880
879
877
876
873
872
868
868
867
866
866
864
862
861
861
861
860
859
858
856
855
854
853
851
850
847
847
844
832
824
48
36
47
33
26
25
37
17
32
24
29
21
34
43
24
21
23
19
16
23
26
22
14
16
14
16
16
17
12
29
16
14
23
19
14
18
11
18
11
12
17
10
10
11
11
16
31
29
26
23
21
24
33
22
28
17
32
25
16
26
15
23
11
14
16
18
16
26
13
21
14
12
23
16
22
14
25
17
15
19
11
11
19
23
16
11
13
10
16
12
10
11
10